C:\ProgramData\Anaconda3\pythonw.exe "C:/Users/kenne/Python Projects/RNA-transcription-modelling-and-DS/refactored_model/S3_calibrate_model.py"
=========================================Optimal Parameters=========================================
[ 1.09042209e-04, 1.37811096e-03,-7.08819039e-01, 6.20550958e-06,
  1.99999969e+00, 1.11117705e+00, 7.18763807e-01, 1.99999975e+00,
  1.00000000e+00]
=============================================Covariance=============================================
[[ 5.15625375e+04,-3.65022159e+01, 2.65896837e+02,-1.72809092e+02,
   1.04988463e+04,-5.25444686e+08,-5.26254758e+02, 6.39801806e+02,
   0.00000000e+00],
 [-3.65022159e+01, 2.62414175e-02,-1.54483690e-01, 8.90528223e-02,
  -7.59577844e+00, 3.71973893e+05, 3.79321103e-01,-3.65058517e-01,
   0.00000000e+00],
 [ 2.65896837e+02,-1.54483690e-01, 9.67775629e+00, 9.00297426e-01,
   4.98507649e+01,-2.70958328e+06,-2.93703291e+00, 9.08434395e+00,
   0.00000000e+00],
 [-1.72809092e+02, 8.90528223e-02, 9.00297426e-01, 1.80236177e+01,
  -5.69712876e+00, 1.76092009e+06,-3.14309497e+00,-2.43869025e+01,
   0.00000000e+00],
 [ 1.04988463e+04,-7.59577844e+00, 4.98507649e+01,-5.69712876e+00,
   2.22754803e+03,-1.06988038e+08,-1.13339944e+02, 8.15604653e+01,
   0.00000000e+00],
 [-5.25444686e+08, 3.71973893e+05,-2.70958328e+06, 1.76092009e+06,
  -1.06988038e+08, 5.35450991e+12, 5.36278368e+06,-6.51972033e+06,
   0.00000000e+00],
 [-5.26254758e+02, 3.79321103e-01,-2.93703291e+00,-3.14309497e+00,
  -1.13339944e+02, 5.36278368e+06, 7.53857847e+00, 4.60567173e-02,
   0.00000000e+00],
 [ 6.39801806e+02,-3.65058517e-01, 9.08434395e+00,-2.43869025e+01,
   8.15604653e+01,-6.51972033e+06, 4.60567173e-02, 4.58381752e+01,
   0.00000000e+00],
 [ 0.00000000e+00, 0.00000000e+00, 0.00000000e+00, 0.00000000e+00,
   0.00000000e+00, 0.00000000e+00, 0.00000000e+00, 0.00000000e+00,
   0.00000000e+00]]

Process finished with exit code 0
