1.038182159305456754e-03,-1.233060507444193760e-09,-1.968623033815495051e-08,-4.190045335392190340e-10,-4.054327431611469352e-09,-7.200454349239157449e-06,0.000000000000000000e+00,0.000000000000000000e+00,0.000000000000000000e+00
-1.233060507444193760e-09,1.464519690875544529e-15,2.338155491582337413e-14,4.976563487595771180e-16,4.815369822490724201e-15,8.552059784615605948e-12,0.000000000000000000e+00,0.000000000000000000e+00,0.000000000000000000e+00
-1.968623033815495051e-08,2.338155491582337413e-14,3.732944757846364236e-13,7.945252849945484739e-15,7.687901681762606510e-14,1.365365428291719288e-10,0.000000000000000000e+00,0.000000000000000000e+00,0.000000000000000000e+00
-4.190045335392190340e-10,4.976563487595771180e-16,7.945252849945484739e-15,1.691078945566462775e-16,1.636303955978311040e-15,2.906063246060576664e-12,0.000000000000000000e+00,0.000000000000000000e+00,0.000000000000000000e+00
-4.054327431611469352e-09,4.815369822490724201e-15,7.687901681762606510e-14,1.636303955978311040e-15,1.583303158832355909e-14,2.811934237794698095e-11,0.000000000000000000e+00,0.000000000000000000e+00,0.000000000000000000e+00
-7.200454349239157449e-06,8.552059784615605948e-12,1.365365428291719288e-10,2.906063246060576664e-12,2.811934237794698095e-11,4.993973588427142141e-08,0.000000000000000000e+00,0.000000000000000000e+00,0.000000000000000000e+00
0.000000000000000000e+00,0.000000000000000000e+00,0.000000000000000000e+00,0.000000000000000000e+00,0.000000000000000000e+00,0.000000000000000000e+00,0.000000000000000000e+00,0.000000000000000000e+00,0.000000000000000000e+00
0.000000000000000000e+00,0.000000000000000000e+00,0.000000000000000000e+00,0.000000000000000000e+00,0.000000000000000000e+00,0.000000000000000000e+00,0.000000000000000000e+00,0.000000000000000000e+00,0.000000000000000000e+00
0.000000000000000000e+00,0.000000000000000000e+00,0.000000000000000000e+00,0.000000000000000000e+00,0.000000000000000000e+00,0.000000000000000000e+00,0.000000000000000000e+00,0.000000000000000000e+00,0.000000000000000000e+00
