1.213938457153106443e+00,-5.997091889640504555e-06,-1.000076479098135585e-05,-1.656817743309050401e-06,-3.595949211575635179e-06,-5.409119290645681977e-01,0.000000000000000000e+00,0.000000000000000000e+00,0.000000000000000000e+00
-5.997091889640504555e-06,3.264044206123844878e-11,4.078560482819458502e-11,8.665775211214055165e-12,1.746171916019748173e-11,3.004238693071046196e-06,0.000000000000000000e+00,0.000000000000000000e+00,0.000000000000000000e+00
-1.000076479098135585e-05,4.078560482819458502e-11,1.070457844900751260e-10,1.227677195975770313e-11,3.049145159608457350e-11,3.506801522450743763e-06,0.000000000000000000e+00,0.000000000000000000e+00,0.000000000000000000e+00
-1.656817743309050401e-06,8.665775211214055165e-12,1.227677195975770313e-11,3.363652111876433973e-12,4.946002223310745930e-12,9.018827248131447552e-07,0.000000000000000000e+00,0.000000000000000000e+00,0.000000000000000000e+00
-3.595949211575635179e-06,1.746171916019748173e-11,3.049145159608457350e-11,4.946002223310745930e-12,1.087309675361121805e-11,1.622623786853858580e-06,0.000000000000000000e+00,0.000000000000000000e+00,0.000000000000000000e+00
-5.409119290645681977e-01,3.004238693071046196e-06,3.506801522450743763e-06,9.018827248131447552e-07,1.622623786853858580e-06,3.111950371131399495e-01,0.000000000000000000e+00,0.000000000000000000e+00,0.000000000000000000e+00
0.000000000000000000e+00,0.000000000000000000e+00,0.000000000000000000e+00,0.000000000000000000e+00,0.000000000000000000e+00,0.000000000000000000e+00,0.000000000000000000e+00,0.000000000000000000e+00,0.000000000000000000e+00
0.000000000000000000e+00,0.000000000000000000e+00,0.000000000000000000e+00,0.000000000000000000e+00,0.000000000000000000e+00,0.000000000000000000e+00,0.000000000000000000e+00,0.000000000000000000e+00,0.000000000000000000e+00
0.000000000000000000e+00,0.000000000000000000e+00,0.000000000000000000e+00,0.000000000000000000e+00,0.000000000000000000e+00,0.000000000000000000e+00,0.000000000000000000e+00,0.000000000000000000e+00,0.000000000000000000e+00
